N = 24

Tmax = 4

x0 [*] :=
1  0
2  0
3  0
4  0
;

xT [*] :=
1   0.1695
2   0.1639
3  -0.0914
4   0.0031
;

T = 4

eps = 250000

C [*] :=
1   1.8
2   4
3   1.5
4   0.2
5  10
6   1.5
7   3
8   3
9   1
;

h [*] :=
1  -0.35
2  -3.4
3  -2
4  -5
;

tau [*] :=
1  1
2  1.25
3  0.1
4  0.1
;

x [*,*] (tr)
:         1              2             3             4         :=
1     0              0             0             0
2     0.0254773     -0.0228507    -0.00283557    0.00353249
3     0.123991      -0.00133892   -0.00657333    0.0141448
4     0.2379         0.0755025    -0.00778603    0.0349435
5     0.314881       0.160895     -0.00849881    0.0643103
6     0.334103       0.216358     -0.0105557     0.0999637
7     0.323221       0.245932     -0.0150106     0.139269
8     0.248351       0.21431      -0.0224271     0.178493
9     0.0929134     -0.0253044    -0.0373778     0.20844
10   -0.0522294     -0.603547     -0.0770407     0.199002
11   -0.000162523   -1.03173      -0.130099      0.147042
12    0.267824      -0.83095      -0.150614      0.107342
13    0.524507      -0.473691     -0.150083      0.084437
14    0.673618      -0.268953     -0.148633      0.0615875
15    0.748582      -0.124687     -0.144171      0.0420367
16    0.73627       -0.0389472    -0.138595      0.0251496
17    0.673316       0.0373166    -0.131538      0.0123817
18    0.593715       0.116397     -0.124307      0.00323903
19    0.518089       0.194219     -0.117073     -0.00213797
20    0.442793       0.240646     -0.110712     -0.00475862
21    0.381006       0.268301     -0.105318     -0.00526579
22    0.310668       0.256969     -0.101375     -0.00488037
23    0.248491       0.22948      -0.0988445    -0.00435229
24    0.186407       0.179705     -0.097852     -0.00441348
25    0.169674       0.164303     -0.0976826    -0.00466766
;

u [*] :=
 1  0            6 -0.136422    11  0.0341743   16 -0.480758    21 -0.31577
 2  1.0285       7 -0.295274    12 -0.0656184   17 -0.364257    22 -0.522997
 3  0.882813     8 -0.735182    13 -0.288894    18 -0.188185    23 -0.821205
 4  0.464717     9 -1.47044     14 -0.415957    19 -0.167872    24 -1.06544
 5  0.0891999   10 -0.91573     15 -0.462344    20 -0.184687    25  0
;

cost = -0.748332