A = 1

T = 3.1428

N = 10

u [*] :=
 1  -0.151265
 2  -0.140388
 3   0.394865
 4   0.64498
 5   0.516198
 6   0.575289
 7   0.522523
 8   0.493593
 9   0.626727
10   0.589545
11   0.501701
;

v [*] :=
 1  -0.150687
 2  -0.519799
 3  -0.163513
 4   0.101639
 5   0.101181
 6   0.107143
 7  -0.0109023
 8   0.161017
 9  -0.00925374
10   0.0212354
11  -0.142714
;

cost = 1

x0 = 0

y0 = 0

z0 = 1

x [*] :=
 1   0
 2  -0.0182427
 3   0.0105335
 4   0.208803
 5   0.436208
 6   0.644839
 7   0.821139
 8   0.92079
 9   0.978273
10   0.998197
11   1
;

y [*] :=
 1  0
 2  0.0409563
 3  0.130579
 4  0.121687
 5  0.0856736
 6  0.0376145
 7  0.0263785
 8  0.0140445
 9  0.000604573
10  0.00284885
11  0.00229201
;

z [*] :=
 1  1
 2  0.99822
 3  0.993384
 4  0.969116
 5  0.896485
 6  0.763103
 7  0.570342
 8  0.389756
 9  0.206898
10  0.0609778
11  0.00416388
;
